Teacher 1:
  Period 1: math2 - Students: 51, 53, 89, 97, 132, 140, 150, 225, 315, 361, 363, 388, 402, 434, 453, 524, 567, 584, 687, 691, 727
  Period 2: math1 - Students: 3, 76, 211, 242, 350, 466, 560, 741, 764
  Period 3: math1 - Students: 47, 117, 128, 161, 304, 438, 477, 526, 568
  Period 4: math1 - Students: 28, 126, 141, 233, 264, 393, 406, 483, 498, 566, 613, 627, 724, 734, 746
  Period 5: math1 - Students: 59, 423, 518, 555, 574, 619, 654, 728, 749
  Period 6: math2 - Students: 146, 223, 231, 326, 461
  Period 7: Planning - Students: 

Teacher 2:
  Period 1: math3 - Students: 16, 118, 207, 252, 276, 343, 391, 399, 433, 454, 456, 471, 480, 521, 549, 563, 569, 583, 657, 659, 661, 697, 707, 708, 711, 739, 740
  Period 2: math3 - Students: 22, 108, 138, 184, 217, 267, 286, 295, 316, 320, 325, 327, 334, 512, 570, 628, 656, 712, 716, 722, 760, 765
  Period 3: math2 - Students: 65, 71, 144, 183, 218, 297, 308, 311, 359, 479, 501, 531, 588, 603, 672, 698, 717, 768
  Period 4: math2 - Students: 68, 88, 98, 145, 208, 244, 247, 273, 277, 317, 323, 366, 401, 420, 436, 497, 534, 616, 635, 653, 676, 681, 713
  Period 5: Planning - Students: 
  Period 6: math2 - Students: 21, 158, 358, 553, 665
  Period 7: pe1 - Students: 6, 28, 47, 63, 142, 145, 146, 182, 209, 247, 282, 294, 342, 346, 370, 441, 457, 586, 588, 622, 658, 748, 759, 761

Teacher 3:
  Period 1: math1 - Students: 4, 8, 37, 103, 179, 192, 206, 284, 296, 324, 335, 384, 450, 499, 503, 557, 559, 679, 709, 754
  Period 2: math1 - Students: 134, 164, 239, 255, 302, 306, 345, 448, 484, 500, 543, 673, 677
  Period 3: math2 - Students: 23, 54, 101, 193, 210, 232, 287, 392, 435, 511, 528, 577, 580, 585, 590, 615, 668, 715, 731, 766
  Period 4: math2 - Students: 75, 172, 182, 337, 386, 427, 476, 586, 594, 596, 623, 643, 648, 678, 702, 758
  Period 5: math2 - Students: 57, 148, 154, 195, 238, 248, 249, 259, 403, 493, 494, 504, 505, 541
  Period 6: math1 - Students: 229, 301, 321, 347
  Period 7: Planning - Students: 

Teacher 4:
  Period 1: sci3 - Students: 41, 42, 104, 109, 111, 143, 147, 188, 209, 220, 292, 309, 347, 351, 443, 452, 551, 647, 667, 668, 746
  Period 2: sci3 - Students: 12, 17, 29, 46, 72, 74, 77, 227, 383, 469, 480, 485, 530, 547, 548, 550, 552, 584, 658, 670, 692, 704, 728
  Period 3: sci2 - Students: 84, 97, 98, 149, 201, 356, 360, 363, 418, 433, 446, 453, 461, 506, 507, 524, 595, 624, 642, 644, 694, 727, 760
  Period 4: Planning - Students: 
  Period 5: sci2 - Students: 94, 134, 138, 153, 199, 206, 239, 266, 286, 296, 355, 368, 390, 415, 438, 466, 519, 538, 562, 582, 639, 698, 755
  Period 6: sci3 - Students: 9, 22, 24, 112, 200, 241, 291, 325, 348, 382, 422, 451, 459, 471, 492, 514, 561, 571, 583, 633, 690, 710, 757
  Period 7: sci2 - Students: 39, 439, 623, 715

Teacher 5:
  Period 1: Planning - Students: 
  Period 2: band - Students: 11, 279, 324, 376, 380, 396, 404, 451, 539, 591, 619, 641, 709, 726, 739, 752, 759
  Period 3: band - Students: 16, 36, 56, 155, 160, 179, 190, 278, 295, 325, 345, 439, 476, 493, 573, 611, 617, 623, 625, 638, 659, 680, 725, 762
  Period 4: band - Students: 77, 178, 197, 207, 218, 270, 284, 310, 312, 377, 423, 441, 503, 595, 598, 599, 600, 605, 675, 712, 733, 750, 764, 765
  Period 5: band - Students: 31, 151, 163, 168, 231, 232, 246, 260, 288, 292, 293, 331, 336, 350, 362, 363, 447, 496, 610, 671, 681, 703, 767, 768
  Period 6: band - Students: 2, 7, 34, 63, 126, 128, 177, 186, 211, 221, 228, 235, 267, 274, 286, 361, 403, 551, 647, 672, 686, 718, 755, 763
  Period 7: band - Students: 1, 38, 140, 198, 327, 340, 356, 375, 385, 471, 478, 491, 517, 568, 604, 618, 626, 651, 661, 714, 722, 732, 758, 760

Teacher 6:
  Period 1: Planning - Students: 
  Period 2: math2 - Students: 39, 61, 67, 94, 155, 162, 186, 387, 419, 506, 508, 598, 620, 663, 671, 688, 748, 751
  Period 3: math2 - Students: 6, 7, 91, 236, 241, 266, 329, 369, 378, 466, 496, 537, 572, 600, 605, 689, 737, 757
  Period 4: choir - Students: 184, 210, 221, 294, 353, 364, 368, 433, 450, 465, 488, 516, 535, 538, 583, 612, 671, 718, 720, 736
  Period 5: math2 - Students: 127, 156, 176, 189, 213, 228, 341, 377, 439, 446, 612, 699, 706, 763
  Period 6: choir - Students: 10, 72, 154, 160, 213, 246, 280, 284, 296, 423, 427, 520, 531, 592, 634, 648, 666, 676, 681, 769
  Period 7: math2 - Students: 84

Teacher 7:
  Period 1: ela1 - Students: 10, 30, 47, 48, 70, 115, 123, 134, 196, 249, 404, 408, 430, 448, 468, 470, 477, 488, 516, 543, 613, 696
  Period 2: ela1 - Students: 117, 135, 173, 189, 208, 348, 358, 367, 503, 522, 559, 575, 616, 636, 683, 695
  Period 3: ela1 - Students: 1, 59, 62, 148, 243, 255, 273, 405, 423, 484, 500, 564, 582, 743, 753, 765, 769
  Period 4: ela2 - Students: 36, 67, 97, 105, 132, 140, 170, 185, 239, 288, 376, 384, 390, 398, 428, 447, 461, 515, 524, 714, 742, 751
  Period 5: Planning - Students: 
  Period 6: ela2 - Students: 254, 263, 281, 300, 529, 635, 638, 733
  Period 7: ela2 - Students: 57, 71, 137, 234, 246, 293, 307, 343, 355, 395, 446, 463, 507, 562, 583, 610, 702

Teacher 8:
  Period 1: ela4 - Students: 
  Period 2: ela3 - Students: 16, 38, 42, 93, 109, 110, 121, 144, 151, 200, 209, 231, 284, 287, 440, 481, 482, 585, 607, 618, 631, 680, 685, 758
  Period 3: ela3 - Students: 14, 27, 29, 32, 107, 112, 213, 228, 238, 268, 309, 310, 324, 330, 410, 412, 457, 490, 495, 520, 665, 666, 671, 678
  Period 4: ela4 - Students: 
  Period 5: ela3 - Students: 40, 90, 92, 141, 188, 210, 212, 229, 245, 257, 316, 345, 435, 449, 452, 472, 513, 586, 603, 628, 653, 656, 690, 764
  Period 6: Planning - Students: 
  Period 7: ela3 - Students: 24, 80, 104, 118, 169, 191, 218, 240, 305, 377, 417, 438, 454, 467, 485, 530, 570, 573, 581, 600, 633, 725, 749, 750

Teacher 9:
  Period 1: pe1 - Students: 17, 49, 60, 62, 112, 227, 274, 400, 414, 483, 484, 487, 560, 566, 582, 631, 714, 734, 741, 750, 766
  Period 2: pe1 - Students: 102, 106, 159, 229, 308, 353, 416, 421, 494, 498, 569, 599, 657, 702, 717
  Period 3: pe1 - Students: 3, 34, 78, 103, 108, 118, 217, 254, 270, 351, 367, 407, 436, 458, 503, 522, 613, 616, 695, 705, 736
  Period 4: pe2 - Students: 45, 70, 92, 99, 187, 289, 309, 334, 397, 417, 463, 485, 582, 611, 639, 665, 715, 738, 749, 753, 756
  Period 5: pe3 - Students: 32, 37, 118, 160, 166, 254, 261, 298, 305, 306, 352, 357, 397, 419, 454, 457, 521, 551, 606, 649, 667
  Period 6: Planning - Students: 
  Period 7: pe3 - Students: 69, 115, 144, 178, 206, 344, 390, 392, 432, 451, 452, 466, 472, 480, 525, 528, 566, 607, 644, 645, 754

Teacher 10:
  Period 1: pe2 - Students: 54, 68, 71, 79, 91, 94, 98, 137, 142, 176, 203, 239, 263, 286, 304, 422, 446, 494, 534, 542, 565, 654, 671, 726
  Period 2: pe1 - Students: 37, 43, 54, 128, 161, 183, 213, 250, 277, 300, 384, 388, 391, 415, 488, 489, 518, 612, 629, 659, 674, 675
  Period 3: Planning - Students: 
  Period 4: pe1 - Students: 1, 58, 87, 157, 165, 180, 224, 236, 255, 319, 332, 358, 381, 424, 432, 435, 442, 445, 536, 540, 542, 559, 568, 620
  Period 5: pe3 - Students: 38, 52, 93, 114, 179, 204, 226, 230, 279, 338, 385, 395, 396, 424, 459, 471, 530, 533, 565, 581, 584, 600, 726, 737
  Period 6: pe3 - Students: 27, 30, 31, 41, 104, 116, 198, 293, 332, 337, 346, 391, 409, 534, 543, 555, 558, 573, 637, 646, 669, 701, 745, 749
  Period 7: pe3 - Students: 17, 72, 85, 111, 134, 171, 184, 203, 212, 264, 268, 300, 320, 330, 341, 423, 464, 520, 549, 638, 640, 666, 746, 764

Teacher 11:
  Period 1: his2 - Students: 99, 130, 190, 197, 218, 229, 240, 287, 348, 398, 411, 413, 553, 561, 564, 577, 699, 713, 720, 735
  Period 2: his1 - Students: 49, 58, 60, 62, 133, 191, 192, 351, 406, 438, 458, 474, 566, 590, 597, 608, 610, 632, 698, 708
  Period 3: his1 - Students: 18, 106, 114, 154, 216, 225, 242, 291, 292, 320, 416, 518, 620, 634, 673, 714, 732, 759
  Period 4: his2 - Students: 56, 124, 196, 206, 213, 231, 263, 314, 324, 335, 356, 403, 404, 426, 453, 506, 636, 688, 701, 757
  Period 5: Planning - Students: 
  Period 6: his2 - Students: 84, 88, 185, 266, 270, 434, 515, 625, 640, 684, 706, 730, 734, 761
  Period 7: his2 - Students: 65, 68, 226, 261, 284, 310, 322, 545

Teacher 12:
  Period 1: his3 - Students: 11, 25, 33, 155, 235, 246, 253, 267, 271, 293, 417, 435, 473, 490, 530, 572, 595, 619, 623, 624, 722, 765
  Period 2: his3 - Students: 32, 35, 41, 116, 136, 143, 188, 193, 283, 346, 347, 363, 371, 375, 418, 449, 471, 664, 676, 690, 711, 737
  Period 3: his3 - Students: 52, 81, 104, 132, 141, 166, 205, 220, 224, 234, 288, 326, 385, 464, 469, 480, 512, 578, 599, 604, 633, 645
  Period 4: his3 - Students: 14, 16, 29, 69, 80, 149, 189, 265, 279, 300, 305, 372, 455, 509, 517, 576, 588, 591, 628, 651, 719, 770
  Period 5: Planning - Students: 
  Period 6: his4 - Students: 
  Period 7: his3 - Students: 15, 22, 112, 153, 165, 269, 308, 383, 384, 433, 443, 475, 486, 550, 552, 612, 616, 629, 659, 733, 736, 740

Teacher 13:
  Period 1: avid - Students: 59, 119, 131, 151, 156, 168, 216, 222, 237, 280, 281, 291, 358, 360, 439, 504, 620, 622, 674, 676, 689, 763, 770
  Period 2: avid - Students: 124, 147, 243, 253, 268, 299, 311, 330, 377, 436, 511, 586, 592, 640, 662, 693, 721, 746, 756
  Period 3: avid - Students: 49, 138, 275, 296, 306, 481, 559, 581, 677, 734
  Period 4: avid - Students: 64, 71, 107, 144, 155, 174, 226, 389, 395, 409, 410, 444, 521, 527, 546, 578, 633, 704, 761
  Period 5: Planning - Students: 
  Period 6: avid - Students: 18, 369, 458, 736
  Period 7: avid - Students: 193

Teacher 14:
  Period 1: tech3 - Students: 40, 45, 50, 83, 247, 255, 260, 288, 327, 381, 394, 421, 425, 481, 486, 495, 508, 522, 575, 644
  Period 2: tech3 - Students: 33, 118, 123, 167, 187, 199, 244, 273, 290, 304, 354, 452, 475, 520, 523, 549, 660, 684, 725, 747
  Period 3: tech1 - Students: 28, 39, 43, 159, 186, 189, 289, 302, 305, 328, 336, 340, 344, 348, 353, 450, 513, 586, 626, 742
  Period 4: tech3 - Students: 15, 19, 25, 78, 111, 137, 166, 261, 269, 272, 322, 379, 387, 451, 457, 533, 537, 567, 709, 767
  Period 5: tech2 - Students: 44, 51, 61, 71, 99, 101, 191, 271, 326, 463, 479, 528, 529, 545, 569, 613, 625, 647, 714, 725
  Period 6: tech3 - Students: 16, 17, 35, 46, 60, 77, 100, 220, 275, 302, 308, 343, 378, 410, 565, 601, 614, 636, 700, 737
  Period 7: Planning - Students: 

Teacher 15:
  Period 1: math1 - Students: 18, 87, 114, 120, 135, 173, 177, 199, 256, 269, 310, 330, 336, 376, 418, 426, 445, 536, 581, 682, 742, 762
  Period 2: math1 - Students: 95, 115, 142, 171, 309, 314, 322, 342, 425, 432, 468, 582, 761
  Period 3: Planning - Students: 
  Period 4: math3 - Students: 40, 81, 109, 116, 125, 130, 190, 209, 240, 268, 290, 396, 416, 472, 475, 486, 523, 562, 666, 690, 725, 730
  Period 5: math3 - Students: 14, 74, 131, 133, 243, 263, 282, 356, 431, 443, 451, 556, 680, 700, 732, 735
  Period 6: math3 - Students: 52, 55, 73, 92, 147, 178, 201, 226, 271, 299, 307, 313, 360, 457, 495, 513, 530, 587, 703
  Period 7: math3 - Students: 31, 235, 382, 462, 481, 745, 753

Teacher 16:
  Period 1: sci3 - Students: 15, 19, 110, 144, 145, 161, 302, 342, 375, 378, 385, 406, 427, 457, 472, 523, 601, 611, 617, 625, 628, 688, 719, 732
  Period 2: sci3 - Students: 31, 52, 69, 83, 92, 216, 228, 234, 236, 246, 265, 269, 393, 413, 464, 517, 533, 652, 707, 749
  Period 3: sci2 - Students: 21, 88, 113, 178, 182, 184, 221, 261, 280, 332, 370, 391, 396, 426, 494, 497, 539, 589, 637, 661, 701, 750, 752
  Period 4: Planning - Students: 
  Period 5: sci3 - Students: 26, 55, 73, 126, 177, 185, 207, 218, 237, 294, 303, 327, 328, 374, 379, 520, 549, 585, 634, 640, 676, 705, 709, 734
  Period 6: sci2 - Students: 57, 61, 65, 71, 101, 105, 167, 204, 208, 366, 491, 493, 610, 696, 699, 725, 741, 748
  Period 7: sci2 - Students: 174, 243

Teacher 17:
  Period 1: ela3 - Students: 12, 108, 178, 211, 261, 266, 308, 451, 464, 517, 544, 587, 593, 646, 651, 701, 717, 718, 738, 745
  Period 2: Planning - Students: 
  Period 3: ela2 - Students: 13, 53, 64, 94, 125, 131, 269, 299, 327, 383, 406, 427, 491, 519, 534, 643, 662, 664, 692, 755
  Period 4: ela3 - Students: 9, 11, 26, 33, 73, 147, 162, 241, 267, 275, 276, 357, 375, 480, 584, 622, 640, 699, 727, 748
  Period 5: ela3 - Students: 17, 46, 81, 83, 180, 183, 192, 193, 216, 321, 365, 388, 437, 465, 478, 558, 668, 669, 693, 707
  Period 6: ela2 - Students: 98, 194, 207, 297, 351, 476, 479, 497, 505, 580, 688, 709, 759
  Period 7: ela3 - Students: 19, 50, 136, 159, 161, 190, 219, 227, 285, 334, 359, 374, 379, 456, 509, 532, 547, 561, 595, 652

Teacher 18:
  Period 1: Planning - Students: 
  Period 2: ela1 - Students: 44, 87, 179, 251, 369, 378, 385, 407, 542, 567, 588, 594, 624, 689, 768
  Period 3: ela1 - Students: 142, 331, 342, 366, 413, 421, 489, 510, 546, 627, 655, 719
  Period 4: ela1 - Students: 3, 8, 181, 260, 295, 340, 352, 425, 460, 615, 642, 711, 732, 754
  Period 5: ela4 - Students: 
  Period 6: ela4 - Students: 
  Period 7: ela1 - Students: 2, 34, 120, 201, 233, 236, 291, 381, 445, 458, 527, 555, 663, 675, 713

Teacher 19:
  Period 1: his3 - Students: 24, 73, 85, 164, 167, 184, 219, 232, 236, 250, 254, 325, 420, 424, 478, 482, 485, 514, 520, 675, 681, 725, 748
  Period 2: his2 - Students: 51, 53, 64, 71, 91, 98, 169, 215, 247, 272, 340, 343, 431, 439, 491, 496, 497, 534, 600, 613, 630, 637, 669
  Period 3: Planning - Students: 
  Period 4: his3 - Students: 27, 46, 55, 72, 74, 90, 131, 135, 179, 228, 282, 331, 467, 495, 513, 525, 558, 589, 672, 689, 691, 705, 723
  Period 5: his2 - Students: 36, 79, 89, 121, 146, 161, 198, 200, 244, 255, 290, 302, 313, 333, 461, 539, 638, 643, 666, 677, 683, 710, 739
  Period 6: his2 - Students: 203, 227, 230, 329, 507, 528, 584, 655, 657, 671, 712, 727, 746, 754, 764
  Period 7: his2 - Students: 128, 217, 338, 388, 402, 447, 529, 598, 646

Teacher 20:
  Period 1: tech3 - Students: 9, 22, 38, 55, 74, 82, 93, 194, 215, 248, 333, 370, 377, 386, 492, 500, 556, 591, 607, 615, 680
  Period 2: Planning - Students: 
  Period 3: tech2 - Students: 57, 68, 173, 177, 202, 239, 245, 285, 374, 404, 432, 452, 482, 504, 515, 541, 567, 658, 679, 693, 697, 704, 707, 720, 728
  Period 4: tech2 - Students: 7, 39, 50, 66, 84, 138, 153, 161, 193, 200, 216, 238, 318, 383, 408, 446, 493, 531, 539, 617, 644, 656, 685, 739, 744
  Period 5: tech3 - Students: 27, 97, 107, 109, 116, 203, 208, 428, 455, 464, 469, 480, 482, 483, 512, 548, 572, 635, 657, 688, 691, 694, 744, 745, 748
  Period 6: tech3 - Students: 14, 26, 43, 80, 81, 90, 138, 149, 161, 190, 195, 212, 345, 420, 462, 465, 478, 517, 518, 540, 552, 560, 563, 578, 713
  Period 7: tech2 - Students: 12, 23, 46, 53, 89, 94, 131, 139, 192, 251, 290, 354, 405, 407, 413, 418, 496, 501, 508, 511, 534, 609, 628, 632, 712

Teacher 21:
  Period 1: Planning - Students: 
  Period 2: avid - Students: 23, 81, 141, 152, 170, 182, 223, 256, 263, 321, 356, 392, 473, 571, 666, 699
  Period 3: ela1 - Students: 86, 247, 256, 265, 271, 290, 303, 313, 361, 444, 498, 499, 536, 563, 746
  Period 4: ela1 - Students: 82, 119, 158, 232, 258, 292, 325, 411, 554, 560, 569, 574, 619, 700
  Period 5: avid - Students: 33, 129, 139, 150, 234, 339, 378, 398, 497, 580, 627, 659, 701, 711
  Period 6: avid - Students: 180, 236, 238, 334, 589, 590, 598, 624
  Period 7: avid - Students: 

Teacher 22:
  Period 1: choir - Students: 32, 76, 162, 169, 172, 181, 193, 208, 245, 290, 352, 380, 526, 533, 570, 598, 600, 616, 655, 660
  Period 2: choir - Students: 20, 127, 137, 198, 259, 278, 319, 344, 429, 437, 445, 638, 650, 732
  Period 3: band - Students: 51, 99, 164, 171, 185, 195, 219, 240, 253, 263, 319, 323, 339, 358, 364, 388, 411, 545, 556, 566, 583, 630, 735
  Period 4: choir - Students: 2, 24, 48, 91, 152, 183, 192, 215, 348, 349, 402, 419, 439, 464, 512, 557, 602, 607, 624, 661, 682, 686, 759
  Period 5: choir - Students: 98, 117, 124, 130, 157, 174, 196, 347, 369, 371, 401, 564, 567, 597, 609, 652, 722, 724, 756
  Period 6: Planning - Students: 
  Period 7: choir - Students: 143, 167, 176, 179, 241, 248, 292, 313, 314, 366, 428, 619, 621, 625, 647, 685, 688, 699, 716, 734

Teacher 23:
  Period 1: pe3 - Students: 14, 26, 35, 46, 81, 90, 141, 200, 283, 393, 455, 461, 462, 475, 512, 548, 554, 576, 618, 636, 643, 652, 673, 694, 753
  Period 2: pe1 - Students: 4, 48, 82, 101, 126, 218, 233, 262, 292, 303, 372, 444, 502, 516, 527, 541, 546, 574, 587, 604, 605, 615, 623, 710
  Period 3: Planning - Students: 
  Period 4: pe1 - Students: 44, 76, 86, 100, 114, 117, 120, 173, 175, 176, 219, 234, 252, 301, 333, 361, 371, 552, 555, 662, 669, 673
  Period 5: pe3 - Students: 12, 15, 16, 21, 22, 45, 128, 145, 164, 209, 247, 256, 284, 309, 314, 334, 384, 456, 481, 495, 532, 624, 692, 723, 770
  Period 6: pe1 - Students: 70, 119, 148, 172, 189, 191, 268, 335, 341, 363, 373, 392, 393, 405, 446, 468, 470, 474, 510, 597, 649, 664, 667, 732, 740
  Period 7: pe1 - Students: 95, 147, 170, 223, 232, 242, 265, 281, 317, 434, 460, 500, 526, 535, 554, 653, 676, 682, 687, 690, 743, 757

Teacher 24:
  Period 1: sci1 - Students: 43, 44, 146, 278, 305, 345, 350, 412, 458, 460, 535, 555, 662, 716, 737
  Period 2: sci1 - Students: 103, 125, 158, 176, 226, 249, 364, 397, 403, 435, 487, 540, 665, 691, 763
  Period 3: Planning - Students: 
  Period 4: sci1 - Students: 4, 34, 47, 123, 139, 195, 217, 304, 313, 316, 330, 405, 440, 489, 518, 543, 563, 592, 629, 638, 769
  Period 5: math2 - Students: 13, 64, 205, 262, 275, 291, 318, 348, 412, 595, 622, 658
  Period 6: math2 - Students: 79, 364, 368, 447, 538, 539
  Period 7: math2 - Students: 

Teacher 25:
  Period 1: his1 - Students: 3, 28, 78, 96, 126, 187, 262, 275, 277, 323, 334, 428, 489, 502, 527, 562, 573, 579, 656, 663, 731, 747, 752
  Period 2: his1 - Students: 30, 34, 139, 178, 238, 257, 307, 312, 337, 365, 401, 410, 441, 510, 554, 555, 621, 622, 644, 648, 682, 696, 738
  Period 3: Planning - Students: 
  Period 4: ela2 - Students: 6, 23, 150, 186, 203, 242, 274, 315, 363, 391, 429, 590, 604, 634, 637, 674, 737, 760
  Period 5: his1 - Students: 2, 8, 48, 115, 147, 223, 342, 382, 405, 448, 477, 498, 500, 535, 546, 592, 596, 626, 678, 704, 715, 729, 760
  Period 6: ela2 - Students: 394, 682, 728, 739
  Period 7: his1 - Students: 10, 20, 43, 87, 102, 129, 150, 175, 186, 199, 239, 278, 289, 298, 316, 345, 350, 415, 442, 487, 569, 631, 679

Teacher 26:
  Period 1: Planning - Students: 
  Period 2: math1 - Students: 119, 214, 294, 405, 411, 442, 470, 535, 705, 770
  Period 3: tech1 - Students: 8, 40, 58, 79, 82, 87, 95, 119, 175, 181, 267, 368, 376, 390, 441, 442, 467, 535, 553, 555, 576, 628, 670, 685, 763
  Period 4: tech1 - Students: 37, 59, 63, 65, 121, 163, 191, 227, 235, 291, 298, 342, 347, 438, 458, 474, 484, 500, 529, 593, 677, 696, 745, 755, 766
  Period 5: math1 - Students: 70, 78, 100, 106, 152, 375, 458, 474, 489, 575, 632, 695, 719
  Period 6: math1 - Students: 265
  Period 7: math1 - Students: 

Teacher 27:
  Period 1: his4 - Students: 
  Period 2: avid - Students: 15, 57, 90, 172, 206, 219, 261, 271, 390, 400, 422, 428, 455, 524, 564, 579, 715, 731
  Period 3: avid - Students: 4, 134, 200, 276, 294, 316, 333, 350, 379, 394, 414, 425, 434, 547, 574, 575, 612, 646, 657, 682, 739
  Period 4: Planning - Students: 
  Period 5: avid - Students: 158, 201, 242, 269, 323, 507, 660, 696
  Period 6: avid - Students: 217, 259, 489, 595, 663, 678, 708
  Period 7: his4 - Students: 

Teacher 28:
  Period 1: Planning - Students: 
  Period 2: tech3 - Students: 24, 28, 68, 73, 145, 154, 174, 204, 254, 285, 305, 374, 433, 459, 521, 525, 606, 643, 687, 733, 742
  Period 3: math3 - Students: 9, 17, 33, 35, 42, 46, 90, 151, 153, 157, 191, 372, 395, 400, 415, 449, 473, 485, 607, 631, 675, 721, 723
  Period 4: math3 - Students: 110, 198, 245, 250, 253, 257, 339, 362, 367, 374, 394, 452, 551, 565, 573, 597, 608, 618, 667, 694, 726
  Period 5: tech3 - Students: 11, 29, 104, 108, 110, 125, 132, 135, 143, 240, 251, 283, 393, 418, 467, 485, 490, 583, 648, 655, 730, 740, 746
  Period 6: math3 - Students: 12, 32, 83, 93, 143, 216, 224, 260, 292, 298, 305, 381, 390, 424, 464, 467, 533, 564, 591, 641, 652
  Period 7: math3 - Students: 45, 254, 333, 624, 634

Teacher 29:
  Period 1: sci1 - Students: 1, 2, 106, 117, 148, 231, 299, 369, 498, 510, 546, 586, 599, 604, 635, 666, 693, 759, 764
  Period 2: Planning - Students: 
  Period 3: ela3 - Students: 45, 77, 85, 116, 130, 145, 163, 226, 250, 259, 277, 298, 443, 514, 549, 591, 601, 660, 667, 708, 716, 726, 756, 761, 770
  Period 4: ela3 - Students: 31, 35, 52, 146, 156, 160, 167, 168, 214, 220, 225, 286, 344, 350, 360, 373, 399, 462, 579, 609, 649, 654, 658, 659, 697
  Period 5: sci1 - Students: 3, 10, 18, 63, 95, 96, 222, 224, 225, 281, 297, 307, 311, 324, 344, 434, 442, 468, 503, 588, 598, 682, 712, 718, 721
  Period 6: ela3 - Students: 15, 25, 69, 111, 153, 155, 182, 253, 338, 349, 414, 432, 473, 512, 523, 548, 556, 566, 576, 596, 599, 620, 623, 715, 723
  Period 7: sci1 - Students: 76, 100, 141, 154, 213, 272, 295, 329, 358, 389, 425, 431, 470, 484, 559, 577, 606, 650, 654, 689, 723, 724, 729, 735, 751

Teacher 30:
  Period 1: pe2 - Students: 57, 84, 182, 213, 214, 228, 234, 243, 244, 313, 322, 396, 401, 438, 440, 497, 505, 590, 606, 683, 703
  Period 2: pe2 - Students: 65, 85, 96, 97, 168, 201, 232, 298, 443, 528, 536, 581, 595, 602, 646, 653, 661, 668, 727, 762
  Period 3: pe2 - Students: 61, 67, 105, 124, 147, 169, 180, 209, 215, 408, 447, 538, 622, 648, 649, 656, 674, 684, 699, 713, 718
  Period 4: pe2 - Students: 13, 53, 136, 154, 249, 278, 307, 329, 351, 418, 431, 507, 510, 519, 545, 549, 572, 587, 655, 706, 735
  Period 5: tech2 - Students: 6, 42, 65, 88, 194, 214, 250, 267, 274, 276, 299, 330, 376, 406, 425, 440, 476, 484, 491, 578, 633
  Period 6: Planning - Students: 
  Period 7: tech2 - Students: 36, 58, 64, 132, 207, 249, 280, 309, 347, 412, 420, 453, 490, 494, 524, 571, 572, 642, 692, 730, 766

Teacher 31:
  Period 1: ela2 - Students: 7, 65, 101, 138, 198, 270, 311, 312, 320, 356, 397, 415, 431, 511, 531, 538, 539, 545, 571, 578, 686, 704, 710
  Period 2: ela2 - Students: 21, 84, 88, 89, 149, 166, 197, 221, 248, 335, 336, 409, 426, 493, 626, 647, 720, 736, 744
  Period 3: avid - Students: 135, 146, 187, 248, 249, 258, 384, 403, 429, 463, 584, 587, 610, 748
  Period 4: ela2 - Students: 61, 113, 143, 222, 262, 296, 302, 341, 494, 496, 553, 606, 625, 657, 670, 679, 684, 729, 740, 747, 752, 762, 763
  Period 5: ela2 - Students: 56, 68, 91, 172, 217, 264, 272, 280, 304, 322, 332, 337, 420, 436, 508, 577, 611, 661
  Period 6: Planning - Students: 
  Period 7: avid - Students: 106, 149, 220, 656, 683

Teacher 32:
  Period 1: Planning - Students: 
  Period 2: his3 - Students: 107, 111, 148, 241, 260, 281, 355, 360, 381, 456, 457, 462, 465, 492, 532, 551, 583, 593, 617, 686, 700, 745, 766
  Period 3: his1 - Students: 37, 100, 162, 207, 352, 362, 377, 397, 409, 437, 468, 483, 543, 594, 618, 749
  Period 4: his3 - Students: 17, 38, 93, 108, 118, 159, 201, 251, 285, 297, 327, 369, 378, 400, 412, 459, 481, 547, 556, 575, 580, 581, 641, 668, 707
  Period 5: his1 - Students: 1, 4, 171, 182, 258, 268, 359, 364, 380, 391, 394, 444, 450, 460, 470, 516, 536, 540, 542, 559, 587, 602, 685, 697, 741
  Period 6: his3 - Students: 19, 42, 45, 140, 145, 176, 209, 222, 249, 252, 311, 374, 408, 452, 472, 521, 585, 607, 660, 661, 662, 692, 721, 744, 767
  Period 7: his3 - Students: 9, 26, 77, 83, 92, 109, 110, 123, 138, 151, 172, 177, 183, 211, 304, 368, 523, 533, 544, 548, 563, 674, 694, 709, 728

Teacher 33:
  Period 1: ela1 - Students: 20, 63, 100, 127, 129, 152, 154, 223, 301, 326, 353, 403, 441, 518, 568, 641, 648, 672, 677, 705, 730
  Period 2: tech1 - Students: 10, 19, 78, 104, 120, 146, 150, 240, 315, 326, 329, 331, 379, 398, 399, 454, 479, 499, 501, 713, 729
  Period 3: ela1 - Students: 60, 96, 176, 235, 279, 380, 393, 419, 424, 474, 540, 557, 592, 597, 598, 621, 629, 676, 687, 691, 741
  Period 4: Planning - Students: 
  Period 5: tech1 - Students: 35, 102, 103, 136, 149, 241, 301, 389, 445, 462, 487, 523, 554, 560, 589, 629, 631, 663, 717, 761, 765
  Period 6: ela1 - Students: 28, 184, 372, 386, 439, 483, 502, 526, 639, 644, 673, 766
  Period 7: tech1 - Students: 61, 73, 86, 96, 188, 214, 262, 287, 335, 365, 400, 406, 426, 435, 459, 498, 536, 678, 707, 727, 738

Teacher 34:
  Period 1: math3 - Students: 27, 29, 107, 124, 139, 174, 221, 285, 344, 429, 459, 465, 469, 509, 525, 558, 630, 638, 649, 685, 692, 756, 767
  Period 2: sci3 - Students: 14, 40, 45, 50, 131, 160, 196, 230, 264, 270, 293, 359, 395, 420, 423, 467, 478, 490, 495, 513, 649, 655, 743
  Period 3: Planning - Students: 
  Period 4: math3 - Students: 104, 112, 122, 129, 194, 202, 212, 281, 283, 380, 413, 430, 478, 482, 490, 520, 548, 614, 647, 660, 664, 683, 693
  Period 5: math3 - Students: 19, 24, 25, 77, 123, 215, 300, 319, 351, 407, 414, 421, 517, 547, 550, 552, 579, 636, 642, 733, 759
  Period 6: sci3 - Students: 33, 38, 107, 118, 165, 171, 193, 247, 248, 255, 317, 384, 399, 475, 481, 482, 509, 532, 605, 656, 717, 765, 768
  Period 7: sci3 - Students: 11, 27, 32, 93, 108, 121, 163, 168, 173, 181, 260, 277, 279, 288, 337, 353, 449, 455, 512, 556, 587, 608, 613

Teacher 35:
  Period 1: his2 - Students: 6, 13, 61, 67, 105, 113, 158, 160, 202, 210, 259, 295, 321, 390, 392, 423, 432, 476, 479, 493, 519, 642, 653, 755, 758
  Period 2: his2 - Students: 75, 212, 317, 318, 332, 357, 386, 427, 430, 446, 538, 609, 667, 724
  Period 3: ela3 - Students: 41, 55, 72, 74, 133, 139, 206, 283, 317, 318, 347, 354, 371, 387, 389, 471, 521, 533, 550, 551, 632, 681, 706, 722, 724
  Period 4: his2 - Students: 21, 57, 94, 101, 134, 243, 248, 280, 299, 303, 306, 414, 421, 466, 504, 505, 508, 601, 652, 680, 687, 695, 703, 716, 743
  Period 5: his2 - Students: 7, 23, 39, 54, 66, 137, 144, 173, 273, 315, 354, 358, 399, 501, 511, 524, 531, 568, 650, 670, 742, 750, 753, 762, 769
  Period 6: his2 - Students: 97, 237, 276, 294, 395, 440, 463, 494, 537, 541, 570, 574, 586, 658
  Period 7: Planning - Students: 

Teacher 36:
  Period 1: choir - Students: 66, 80, 95, 153, 185, 189, 212, 226, 242, 279, 316, 329, 332, 359, 596, 629, 632
  Period 2: choir - Students: 25, 26, 140, 156, 205, 207, 220, 276, 282, 394, 417, 472, 577, 580, 633, 639, 719, 730, 735, 753
  Period 3: choir - Students: 93, 122, 123, 158, 194, 199, 229, 231, 307, 335, 337, 375, 431, 460, 487, 562, 593, 636, 653, 669, 767
  Period 4: ela1 - Students: 18, 43, 49, 95, 102, 103, 128, 199, 204, 205, 237, 328, 370, 392, 422, 434, 487, 645, 731
  Period 5: choir - Students: 47, 86, 236, 287, 295, 381, 426, 506, 563, 594, 614, 623, 645, 679, 727, 747, 754
  Period 6: ela1 - Students: 4, 37, 58, 76, 78, 106, 114, 124, 157, 187, 215, 306, 314, 333, 396, 416, 442, 450, 535, 698, 735
  Period 7: Planning - Students: 

Teacher 37:
  Period 1: Planning - Students: 
  Period 2: pe1 - Students: 2, 8, 18, 59, 129, 222, 235, 296, 310, 338, 362, 368, 450, 558, 563, 601, 672, 694
  Period 3: math1 - Students: 20, 230, 428, 502, 554, 639, 686, 710
  Period 4: pe1 - Students: 10, 20, 30, 96, 115, 164, 311, 321, 326, 345, 359, 385, 437, 448, 477, 499, 585, 610, 632, 663, 692, 708, 721
  Period 5: math1 - Students: 43, 49, 60, 82, 159, 187, 270, 278, 441, 522, 604, 617, 646, 662, 674, 736, 752
  Period 6: math1 - Students: 234, 397, 611, 651, 670
  Period 7: math1 - Students: 696

Teacher 38:
  Period 1: tech3 - Students: 31, 52, 69, 72, 92, 175, 217, 233, 297, 300, 306, 307, 317, 372, 532, 547, 588, 594, 627, 634, 639, 695, 715, 723, 757
  Period 2: sci2 - Students: 6, 7, 13, 36, 132, 190, 202, 275, 301, 333, 341, 349, 424, 447, 476, 531, 537, 572, 573, 578, 596, 614, 645, 678, 679
  Period 3: sci2 - Students: 66, 75, 89, 150, 223, 244, 257, 262, 312, 314, 315, 321, 343, 381, 402, 505, 508, 529, 609, 619, 641, 663, 683, 711, 754
  Period 4: tech3 - Students: 12, 32, 41, 42, 85, 127, 148, 151, 177, 293, 346, 407, 415, 443, 449, 454, 468, 473, 514, 530, 544, 550, 577, 630, 728
  Period 5: sci2 - Students: 53, 140, 155, 186, 233, 235, 285, 310, 320, 335, 361, 373, 392, 404, 432, 515, 534, 553, 607, 620, 673, 684, 708, 713, 738
  Period 6: sci2 - Students: 67, 156, 179, 197, 240, 245, 362, 371, 388, 428, 575, 630, 680, 697, 702, 726
  Period 7: Planning - Students: 

Teacher 39:
  Period 1: math2 - Students: 36, 121, 149, 163, 165, 251, 338, 357, 379, 389, 491, 507, 515, 589, 602, 626, 633, 645, 650, 684, 769
  Period 2: math2 - Students: 56, 66, 105, 113, 175, 180, 203, 274, 280, 328, 352, 370, 373, 463, 529, 545, 561, 701, 714, 755
  Period 3: avid - Students: 140, 197, 264, 382, 420, 530, 569, 596, 608, 614, 688, 703, 709, 751
  Period 4: Planning - Students: 
  Period 5: avid - Students: 84, 87, 184, 308, 343, 367, 408, 427, 430, 499, 591, 637, 641, 716
  Period 6: math2 - Students: 137, 258, 261, 385, 519, 629
  Period 7: math2 - Students: 99, 160, 332, 720

Teacher 40:
  Period 1: tech2 - Students: 21, 186, 204, 224, 264, 265, 314, 341, 364, 371, 395, 447, 449, 466, 621, 640, 664, 665, 690, 698, 749, 751, 768
  Period 2: tech2 - Students: 266, 461, 486, 507, 509, 519, 553, 634, 723, 754, 757
  Period 3: ela4 - Students: 
  Period 4: ela4 - Students: 
  Period 5: ela4 - Students: 
  Period 6: Planning - Students: 
  Period 7: ela4 - Students: 

Teacher 41:
  Period 1: his4 - Students: 
  Period 2: his4 - Students: 
  Period 3: sci1 - Students: 70, 102, 115, 129, 137, 172, 192, 198, 284, 334, 357, 365, 386, 401, 417, 448, 488, 516, 560, 579, 602, 651, 730, 740, 758
  Period 4: Planning - Students: 
  Period 5: his4 - Students: 
  Period 6: sci1 - Students: 48, 120, 127, 162, 166, 175, 289, 318, 339, 352, 421, 441, 444, 445, 477, 499, 500, 527, 567, 594, 627, 653, 747, 753, 762
  Period 7: his4 - Students: 

Teacher 42:
  Period 1: ela2 - Students: 75, 122, 171, 195, 230, 289, 294, 319, 339, 362, 368, 501, 506, 528, 537, 541, 605, 612, 614, 712, 721
  Period 2: ela2 - Students: 79, 99, 165, 177, 224, 252, 382, 453, 504, 565, 589, 703, 734, 767
  Period 3: math3 - Students: 11, 15, 26, 38, 69, 111, 168, 188, 196, 227, 272, 293, 355, 398, 455, 492, 532, 544, 640, 738, 747
  Period 4: Planning - Students: 
  Period 5: math3 - Students: 41, 50, 72, 80, 85, 167, 181, 197, 219, 220, 340, 353, 417, 514, 571, 593, 621
  Period 6: ela2 - Students: 39, 51, 54, 66, 164, 174, 244, 323, 401, 572, 617, 694
  Period 7: math3 - Students: 200, 371, 404, 578, 637, 655

Teacher 43:
  Period 1: band - Students: 116, 159, 201, 241, 272, 318, 328, 337, 349, 373, 419, 436, 442, 474, 550, 603, 608, 637, 658, 700, 724, 728, 729
  Period 2: tech1 - Students: 1, 27, 55, 100, 114, 130, 153, 157, 225, 245, 258, 323, 414, 483, 505, 515, 544, 562, 603, 642, 654, 681, 769
  Period 3: Planning - Students: 
  Period 4: tech1 - Students: 60, 62, 83, 106, 211, 223, 230, 246, 338, 343, 355, 382, 388, 470, 502, 522, 526, 561, 571, 621, 698, 741, 768
  Period 5: tech1 - Students: 20, 30, 75, 122, 142, 162, 178, 190, 265, 277, 360, 453, 527, 570, 590, 615, 618, 630, 651, 665, 675, 702, 758
  Period 6: band - Students: 3, 133, 170, 202, 243, 251, 285, 322, 355, 402, 413, 429, 433, 435, 438, 456, 562, 628, 642, 668, 683, 693, 707
  Period 7: tech1 - Students: 4, 13, 18, 44, 48, 52, 70, 117, 202, 349, 352, 424, 488, 492, 495, 542, 543, 557, 597, 602, 686, 697, 752

Teacher 44:
  Period 1: sci2 - Students: 23, 56, 64, 128, 157, 170, 180, 183, 191, 258, 268, 273, 282, 298, 340, 367, 407, 416, 463, 496, 580, 597, 706, 736, 761
  Period 2: his1 - Students: 47, 63, 70, 86, 122, 163, 181, 194, 339, 361, 366, 389, 526, 557, 611, 627, 718
  Period 3: his1 - Students: 76, 120, 127, 152, 156, 174, 208, 214, 233, 274, 286, 341, 373, 422, 445, 565, 635, 647, 654, 702
  Period 4: sci2 - Students: 51, 54, 79, 133, 142, 169, 229, 254, 256, 259, 271, 287, 308, 354, 479, 501, 511, 528, 541, 564, 570, 626, 631, 646, 722
  Period 5: Planning - Students: 
  Period 6: sci2 - Students: 68, 91, 99, 122, 130, 205, 376, 398, 430, 504, 545, 568, 593, 618, 622, 675, 685, 720
  Period 7: sci2 - Students: 124, 135, 238, 574, 590, 648, 669

Teacher 45:
  Period 1: pe3 - Students: 77, 88, 125, 133, 136, 205, 257, 366, 374, 382, 387, 405, 467, 513, 552, 574, 585, 670, 702, 733, 760
  Period 2: pe3 - Students: 9, 80, 112, 195, 210, 237, 291, 297, 313, 402, 412, 434, 477, 514, 556, 568, 635, 651, 697, 706, 740
  Period 3: pe3 - Students: 19, 24, 50, 73, 109, 126, 167, 260, 281, 301, 430, 465, 470, 486, 517, 523, 570, 650, 690, 696, 700
  Period 4: Planning - Students: 
  Period 5: avid - Students: 67, 366, 370, 383, 386, 416, 720
  Period 6: pe3 - Students: 74, 103, 135, 173, 196, 233, 303, 310, 324, 350, 359, 404, 415, 443, 544, 550, 677, 719, 724, 731, 743
  Period 7: avid - Students: 41, 421, 698

Teacher 46:
  Period 1: math1 - Students: 34, 58, 86, 102, 166, 303, 331, 346, 354, 365, 383, 409, 410, 437, 444, 540, 592, 609, 610, 669, 743, 744
  Period 2: math1 - Students: 185, 288, 289, 408, 460, 576, 625, 750
  Period 3: math1 - Students: 2, 10, 30, 44, 48, 63, 136, 170, 204, 222, 237, 246, 349, 440, 527, 542, 606, 729
  Period 4: Planning - Students: 
  Period 5: math1 - Students: 62, 169, 312, 422, 488, 510, 599, 601, 644
  Period 6: math1 - Students: 1, 96, 279, 487, 516, 546, 704
  Period 7: math1 - Students: 718

